#      0+
   27.067606   -0.628039    0.317130   -0.224245   -0.999359   -0.999359   -0.480006    0.339416
   -0.127351   49.874357   -0.000000   -0.000000   -0.102390   -0.102390   -0.000000   -0.000000
   -0.223315   -0.567533   24.959139   -0.306807   -0.480006   -0.480006   -0.614831    0.663139
    0.157907    0.401307   -0.306807   24.742193    0.339416    0.339416    0.663139   -0.145921
    0.999359    0.999359    0.480006   -0.339416  -27.067606    0.628039   -0.317130    0.224245
    0.102390    0.102390    0.000000    0.000000    0.127351  -49.874357    0.000000    0.000000
    0.480006    0.480006    0.614831   -0.663139    0.223315    0.567533  -24.959139    0.306807
   -0.339416   -0.339416   -0.663139    0.145921   -0.157907   -0.401307    0.306807  -24.742193

#      1+
   28.281944    0.000000    0.628039    0.000000   -0.236375   -0.211420    0.000000   -0.211420   -0.074748    0.999359    0.000000    0.999359    0.000000    0.357776    0.320004    0.000000    0.320004    0.113139
   -0.000000   29.406952   -0.000000   -0.774993   -0.000808    0.000904   -1.030733    0.000904   -0.002556   -0.000000    0.400068   -0.000000    0.400068    0.303052   -0.338823   -0.393263   -0.338823    0.958336
    0.127351    0.000000   50.066361    0.000000   -0.000000    0.000000    0.000000    0.000000   -0.000000    0.102390    0.000000    0.102390    0.000000   -0.000000    0.000000    0.000000    0.000000   -0.000000
   -0.000000   -0.140357   -0.000000   50.468914   -0.026647    0.029792   -0.090216    0.029792   -0.084264   -0.000000    0.046970   -0.000000    0.046970    0.049425   -0.055259    0.000000   -0.055259    0.156295
    0.166449   -0.023110    0.423014   -0.069274   24.750630   -0.194042   -0.028009   -0.194042   -0.137208    0.357776    0.049425    0.357776    0.049425    0.239703    0.419406    0.000000    0.419406    0.296565
    0.148876    0.025838    0.378356    0.077450   -0.194042   24.551161    0.031315    0.025913    0.000000    0.320004   -0.055259    0.320004   -0.055259    0.419406    0.145921    0.000000    0.468910   -0.000000
   -0.000000   -1.030733   -0.000000    0.312900   -0.071285    0.079699   26.994314    0.079699   -0.225423   -0.000000   -0.393263   -0.000000   -0.393263   -0.252089    0.281845    0.483650    0.281845   -0.797177
    0.148876    0.025838    0.378356    0.077450   -0.194042    0.025913    0.031315   24.551161    0.000000    0.320004   -0.055259    0.320004   -0.055259    0.419406    0.468910    0.000000    0.145921   -0.000000
    0.052636   -0.073080    0.133769   -0.219063   -0.137208   -0.000000   -0.088573    0.000000   24.794019    0.113139    0.156295    0.113139    0.156295    0.296565   -0.000000    0.000000    0.000000    0.145921
   -0.999359   -0.000000   -0.999359   -0.000000   -0.357776   -0.320004   -0.000000   -0.320004   -0.113139  -28.281944   -0.000000   -0.628039   -0.000000    0.236375    0.211420   -0.000000    0.211420    0.074748
    0.000000   -0.400068    0.000000   -0.400068   -0.303052    0.338823    0.393263    0.338823   -0.958336    0.000000  -29.406952    0.000000    0.774993    0.000808   -0.000904    1.030733   -0.000904    0.002556
   -0.102390   -0.000000   -0.102390   -0.000000    0.000000   -0.000000   -0.000000   -0.000000    0.000000   -0.127351   -0.000000  -50.066361   -0.000000    0.000000   -0.000000   -0.000000   -0.000000    0.000000
    0.000000   -0.046970    0.000000   -0.046970   -0.049425    0.055259   -0.000000    0.055259   -0.156295    0.000000    0.140357    0.000000  -50.468914    0.026647   -0.029792    0.090216   -0.029792    0.084264
   -0.357776   -0.049425   -0.357776   -0.049425   -0.239703   -0.419406   -0.000000   -0.419406   -0.296565   -0.166449    0.023110   -0.423014    0.069274  -24.750630    0.194042    0.028009    0.194042    0.137208
   -0.320004    0.055259   -0.320004    0.055259   -0.419406   -0.145921   -0.000000   -0.468910    0.000000   -0.148876   -0.025838   -0.378356   -0.077450    0.194042  -24.551161   -0.031315   -0.025913   -0.000000
    0.000000    0.393263    0.000000    0.393263    0.252089   -0.281845   -0.483650   -0.281845    0.797177    0.000000    1.030733    0.000000   -0.312900    0.071285   -0.079699  -26.994314   -0.079699    0.225423
   -0.320004    0.055259   -0.320004    0.055259   -0.419406   -0.468910   -0.000000   -0.145921    0.000000   -0.148876   -0.025838   -0.378356   -0.077450    0.194042   -0.025913   -0.031315  -24.551161   -0.000000
   -0.113139   -0.156295   -0.113139   -0.156295   -0.296565    0.000000   -0.000000   -0.000000   -0.145921   -0.052636    0.073080   -0.133769    0.219063    0.137208    0.000000    0.088573   -0.000000  -24.794019

#      2+
   28.306868    1.347323   -0.759335   -0.154999    0.001084    0.000542   -0.985569   -0.301768   -0.002711   -0.000000   -0.400068   -0.000000   -0.000000   -0.400068   -0.406588    1.016469   -0.000000    0.268650   -0.203294    0.287199
    1.347323   27.756825    0.154999   -0.759335   -0.001328    0.002656    0.201178   -0.657046    0.000000   -0.768263    0.000000   -0.400068   -0.400068    0.000000    0.497966    0.000000    0.383786    0.062672   -0.995932   -0.058624
   -0.137521    0.028071   50.319023    0.122386   -0.043785    0.087570    0.017608   -0.057509    0.000000   -0.067243    0.000000   -0.046970   -0.046970    0.000000    0.081213    0.000000   -0.000000    0.000000   -0.162427   -0.000000
   -0.028071   -0.137521    0.122386   50.368987    0.035750    0.017875   -0.086263   -0.026413   -0.089376   -0.000000   -0.046970   -0.000000   -0.000000   -0.046970   -0.066311    0.165776   -0.000000    0.000000   -0.033155   -0.000000
    0.031005   -0.037973   -0.113828    0.092940   24.612026   -0.086778   -0.044915    0.018336   -0.086778    0.034304   -0.066311    0.081213    0.081213   -0.066311    0.135425    0.187564   -0.000000    0.000000    0.187564   -0.000000
    0.015503    0.075947    0.227657    0.046470   -0.086778   24.724717    0.089829    0.027504   -0.025913   -0.000000    0.165776   -0.000000   -0.000000    0.165776    0.187564   -0.145921   -0.000000    0.000000    0.093782   -0.000000
   -0.985569    0.201178   -0.061072    0.299190   -0.114310    0.228621   25.379798    0.804564    0.000000    1.038752    0.000000    0.383786    0.383786    0.000000   -0.404242    0.000000   -0.455918   -0.090571    0.808485    0.084721
   -0.301768   -0.657046    0.199460    0.091608    0.046667    0.070000    0.804564   26.190842   -0.163334    0.020262    0.268650    0.062672    0.062672    0.268650    0.165031   -0.577610   -0.090571   -0.187847    0.247547   -0.276698
   -0.077513   -0.000000   -0.000000   -0.232351   -0.086778   -0.025913   -0.000000   -0.064177   24.724717   -0.068608   -0.033155   -0.162427   -0.162427   -0.033155    0.187564    0.093782   -0.000000    0.000000   -0.145921   -0.000000
    0.000000   -0.768263    0.233222    0.000000    0.087306    0.000000    1.038752    0.020262   -0.174612   25.607192    0.287199   -0.058624   -0.058624    0.287199    0.308745   -0.617491    0.084721   -0.276698    0.000000   -0.224822
    0.400068    0.000000    0.000000    0.400068    0.406588   -1.016469    0.000000   -0.268650    0.203294   -0.287199  -28.306868   -1.347323    0.759335    0.154999   -0.001084   -0.000542    0.985569    0.301768    0.002711    0.000000
   -0.000000    0.400068    0.400068   -0.000000   -0.497966   -0.000000   -0.383786   -0.062672    0.995932    0.058624   -1.347323  -27.756825   -0.154999    0.759335    0.001328   -0.002656   -0.201178    0.657046   -0.000000    0.768263
   -0.000000    0.046970    0.046970   -0.000000   -0.081213   -0.000000    0.000000   -0.000000    0.162427    0.000000    0.137521   -0.028071  -50.319023   -0.122386    0.043785   -0.087570   -0.017608    0.057509   -0.000000    0.067243
    0.046970    0.000000    0.000000    0.046970    0.066311   -0.165776    0.000000   -0.000000    0.033155    0.000000    0.028071    0.137521   -0.122386  -50.368987   -0.035750   -0.017875    0.086263    0.026413    0.089376    0.000000
    0.066311   -0.081213   -0.081213    0.066311   -0.135425   -0.187564    0.000000   -0.000000   -0.187564    0.000000   -0.031005    0.037973    0.113828   -0.092940  -24.612026    0.086778    0.044915   -0.018336    0.086778   -0.034304
   -0.165776    0.000000    0.000000   -0.165776   -0.187564    0.145921    0.000000   -0.000000   -0.093782    0.000000   -0.015503   -0.075947   -0.227657   -0.046470    0.086778  -24.724717   -0.089829   -0.027504    0.025913    0.000000
   -0.000000   -0.383786   -0.383786   -0.000000    0.404242   -0.000000    0.455918    0.090571   -0.808485   -0.084721    0.985569   -0.201178    0.061072   -0.299190    0.114310   -0.228621  -25.379798   -0.804564   -0.000000   -1.038752
   -0.268650   -0.062672   -0.062672   -0.268650   -0.165031    0.577610    0.090571    0.187847   -0.247547    0.276698    0.301768    0.657046   -0.199460   -0.091608   -0.046667   -0.070000   -0.804564  -26.190842    0.163334   -0.020262
    0.033155    0.162427    0.162427    0.033155   -0.187564   -0.093782    0.000000   -0.000000    0.145921    0.000000    0.077513    0.000000    0.000000    0.232351    0.086778    0.025913    0.000000    0.064177  -24.724717    0.068608
   -0.287199    0.058624    0.058624   -0.287199   -0.308745    0.617491   -0.084721    0.276698   -0.000000    0.224822   -0.000000    0.768263   -0.233222   -0.000000   -0.087306   -0.000000   -1.038752   -0.020262    0.174612  -25.607192

#      3+
   29.406952   -0.774993    0.000000    0.002969   -0.658511   -0.196330   -0.760383   -0.109752    0.400068    0.400068    0.000000   -1.113486   -0.251247   -0.074907   -0.290115   -0.041874
   -0.140357   50.468914    0.000000    0.097906   -0.057637   -0.017184   -0.066553   -0.009606    0.046970    0.046970    0.000000   -0.181599   -0.000000    0.000000    0.000000   -0.000000
   -0.000000   -0.000000   51.740737   -0.000000    0.062344   -0.209108   -0.053992    0.374064   -0.000000   -0.000000    0.004990   -0.000000    0.011010   -0.036928   -0.009535    0.066059
    0.084911    0.254528    0.000000   24.750630    0.065748    0.019602    0.075920    0.010958   -0.181599   -0.181599    0.000000    0.239703   -0.000000    0.000000    0.000000   -0.000000
   -0.658511    0.199904    0.062344    0.167333   26.115038    0.288168    0.643318    0.303126   -0.251247   -0.251247    0.011010    0.591750    0.147790    0.041340    0.266847    0.092438
   -0.196330    0.059600   -0.209108    0.049889    0.288168   25.933003    0.068471   -0.304861   -0.074907   -0.074907   -0.036928    0.176426    0.041340    0.021457    0.107404   -0.165359
   -0.760383    0.230830   -0.053992    0.193220    0.643318    0.068471   26.429061   -0.066209   -0.290115   -0.290115   -0.009535    0.683294    0.266847    0.107404    0.224822    0.000000
   -0.109752    0.033317    0.374064    0.027889    0.303126   -0.304861   -0.066209   26.179619   -0.041874   -0.041874    0.066059    0.098625    0.092438   -0.165359    0.000000    0.224822
   -0.400068   -0.400068   -0.000000    1.113486    0.251247    0.074907    0.290115    0.041874  -29.406952    0.774993   -0.000000   -0.002969    0.658511    0.196330    0.760383    0.109752
   -0.046970   -0.046970   -0.000000    0.181599    0.000000   -0.000000   -0.000000    0.000000    0.140357  -50.468914   -0.000000   -0.097906    0.057637    0.017184    0.066553    0.009606
    0.000000    0.000000   -0.004990    0.000000   -0.011010    0.036928    0.009535   -0.066059    0.000000    0.000000  -51.740737    0.000000   -0.062344    0.209108    0.053992   -0.374064
    0.181599    0.181599   -0.000000   -0.239703    0.000000   -0.000000   -0.000000    0.000000   -0.084911   -0.254528   -0.000000  -24.750630   -0.065748   -0.019602   -0.075920   -0.010958
    0.251247    0.251247   -0.011010   -0.591750   -0.147790   -0.041340   -0.266847   -0.092438    0.658511   -0.199904   -0.062344   -0.167333  -26.115038   -0.288168   -0.643318   -0.303126
    0.074907    0.074907    0.036928   -0.176426   -0.041340   -0.021457   -0.107404    0.165359    0.196330   -0.059600    0.209108   -0.049889   -0.288168  -25.933003   -0.068471    0.304861
    0.290115    0.290115    0.009535   -0.683294   -0.266847   -0.107404   -0.224822   -0.000000    0.760383   -0.230830    0.053992   -0.193220   -0.643318   -0.068471  -26.429061    0.066209
    0.041874    0.041874   -0.066059   -0.098625   -0.092438    0.165359   -0.000000   -0.224822    0.109752   -0.033317   -0.374064   -0.027889   -0.303126    0.304861    0.066209  -26.179619

#      4+
   51.327530    0.369583    0.095232   -0.425891    0.000000   -0.004990    0.000000    0.039242    0.000000   -0.066330
    0.369583   51.410172   -0.212946   -0.047616    0.377941   -0.000000   -0.004990   -0.012535    0.075680   -0.007416
    0.095232   -0.212946   25.690672    0.423466    0.236948    0.039242   -0.012535   -0.024539    0.068900    0.182291
   -0.425891   -0.047616    0.423466   25.720835   -0.638417   -0.000000    0.075680    0.068900   -0.317260    0.040762
   -0.000000    0.377941    0.236948   -0.638417   25.766325   -0.066330   -0.007416    0.182291    0.040762   -0.224822
    0.004990   -0.000000   -0.039242   -0.000000    0.066330  -51.327530   -0.369583   -0.095232    0.425891   -0.000000
    0.000000    0.004990    0.012535   -0.075680    0.007416   -0.369583  -51.410172    0.212946    0.047616   -0.377941
   -0.039242    0.012535    0.024539   -0.068900   -0.182291   -0.095232    0.212946  -25.690672   -0.423466   -0.236948
    0.000000   -0.075680   -0.068900    0.317260   -0.040762    0.425891    0.047616   -0.423466  -25.720835    0.638417
    0.066330    0.007416   -0.182291   -0.040762    0.224822    0.000000   -0.377941   -0.236948    0.638417  -25.766325

#      5+
   51.740737   -0.436409    0.004990   -0.077069
   -0.436409   26.410119   -0.077069    0.332667
   -0.004990    0.077069  -51.740737    0.436409
    0.077069   -0.332667    0.436409  -26.410119

#      6+

#      0-
   39.628482    0.216743   -0.177232    0.079980    0.018570    0.284679    0.234443    0.234443   -0.339416   -0.339416
   -0.455266   16.214873   -1.162616   -0.751109   -0.404152    1.437504    1.725688    1.725688    2.094190    2.094190
   -0.038195    0.342502   35.479737    0.104515    0.110617    0.234443    0.345589    0.345589    0.134465    0.134465
    0.435476   -0.109619   -0.328594   12.880736   -0.401307   -0.339416    0.134465    0.134465    0.164607    0.164607
    0.081068   -0.000000   -0.000000   -0.000000   35.334228   -0.000000   -0.000000   -0.000000   -0.001504   -0.001504
   -0.284679   -0.234443   -0.234443    0.339416    0.339416  -39.628482   -0.216743    0.177232   -0.079980   -0.018570
   -1.437504   -1.725688   -1.725688   -2.094190   -2.094190    0.455266  -16.214873    1.162616    0.751109    0.404152
   -0.234443   -0.345589   -0.345589   -0.134465   -0.134465    0.038195   -0.342502  -35.479737   -0.104515   -0.110617
    0.339416   -0.134465   -0.134465   -0.164607   -0.164607   -0.435476    0.109619    0.328594  -12.880736    0.401307
    0.000000    0.000000    0.000000    0.001504    0.001504   -0.081068    0.000000    0.000000    0.000000  -35.334228

#      1-
   39.329489    0.211420   -0.079980    0.137080   -0.068540   -0.018570    0.056046   -0.112091   -0.000000    0.153260   -0.000000   -0.125322   -0.284679   -0.000000    0.113139   -0.049425   -0.222412    0.113139   -0.222412   -0.049425   -0.320004    0.055259   -0.320004    0.055259
    0.211420   39.478986    0.000000    0.096930    0.193860    0.000000   -0.158521   -0.079260   -0.079980    0.000000   -0.018570    0.000000    0.000000   -0.284679   -0.320004   -0.174744    0.000000   -0.320004    0.000000   -0.174744   -0.113139   -0.156295   -0.113139   -0.156295
   -0.435476   -0.000000   13.091280    0.023110    0.103994    0.133769    0.311732    0.069274   -0.148876   -0.025838   -0.378356   -0.077450    0.113139   -0.320004   -0.164607    0.085043   -0.042522   -0.164607   -0.042522    0.085043   -0.000000    0.095081   -0.000000    0.095081
   -0.287936   -0.203601    0.158348   14.951491    1.571410    0.085203   -0.623181   -0.691332    0.559843    0.151737    0.301237   -0.006974   -0.303052   -1.071452    1.324482   -0.896522   -0.414583    1.324482   -0.414583   -0.896522    0.936550   -0.927036    0.936550   -0.927036
    0.143968   -0.407202    0.712564    1.571410   12.610010    0.383412    0.311591   -0.623181   -0.000000    2.025407   -0.000000   -0.863076   -1.363736   -0.000000   -0.662241   -0.414583   -1.518397   -0.662241   -1.518397   -0.414583    1.873101    0.463518    1.873101    0.463518
   -0.081068   -0.000000    0.000000   -0.000000    0.000000   35.334228    0.000000   -0.000000   -0.000000    0.000000   -0.000000    0.000000    0.000000   -0.000000    0.001504   -0.000000    0.000000    0.001504    0.000000   -0.000000   -0.000000    0.000000   -0.000000    0.000000
    0.012078   -0.034163   -0.099152    0.164864   -0.082432   -0.104941   35.759257   -0.102767   -0.000000    0.275191   -0.000000   -0.191180   -0.222412   -0.000000   -0.042522   -0.101195   -0.294992   -0.042522   -0.294992   -0.101195    0.120269    0.113139    0.120269    0.113139
   -0.024157   -0.017081   -0.022034    0.241109    0.164864   -0.023320   -0.102767   35.533181   -0.077901   -0.039810   -0.082449    0.042274   -0.049425   -0.174744    0.085043   -0.143199   -0.101195    0.085043   -0.101195   -0.143199    0.060135   -0.226279    0.060135   -0.226279
    0.000000   -0.435476   -0.148876    0.081706    0.000000   -0.378356    0.000000    0.244920   12.986008    0.073080   -0.133769    0.219063   -0.320004   -0.113139    0.000000    0.060135    0.120269    0.000000    0.120269    0.060135   -0.164607    0.000000   -0.164607    0.000000
   -0.321922   -0.000000   -0.177038    0.151737    2.025407   -0.095260   -0.863076   -0.006974    0.500739   13.226067    0.269435    0.007798    0.338823   -0.958336    1.480816   -0.927036    0.463518    1.480816    0.463518   -0.927036   -0.000000   -0.689231   -0.000000   -0.689231
    0.000000   -0.081068    0.000000   -0.000000    0.000000    0.000000    0.000000   -0.000000   -0.000000    0.000000   35.334228    0.000000    0.000000   -0.000000    0.000000   -0.000000    0.000000    0.000000    0.000000   -0.000000    0.001504    0.000000    0.001504    0.000000
   -0.027008   -0.000000    0.024634   -0.039810    0.275191    0.026073   -0.191180    0.042274   -0.069677    0.044509   -0.073745   35.660610    0.055259   -0.156295    0.095081   -0.226279    0.113139    0.095081    0.113139   -0.226279   -0.000000   -0.092602   -0.000000   -0.092602
    0.284679    0.000000   -0.113139    0.049425    0.222412   -0.113139    0.222412    0.049425    0.320004   -0.055259    0.320004   -0.055259  -39.329489   -0.211420    0.079980   -0.137080    0.068540    0.018570   -0.056046    0.112091    0.000000   -0.153260    0.000000    0.125322
   -0.000000    0.284679    0.320004    0.174744   -0.000000    0.320004   -0.000000    0.174744    0.113139    0.156295    0.113139    0.156295   -0.211420  -39.478986   -0.000000   -0.096930   -0.193860   -0.000000    0.158521    0.079260    0.079980   -0.000000    0.018570   -0.000000
   -0.113139    0.320004    0.164607   -0.085043    0.042522    0.164607    0.042522   -0.085043    0.000000   -0.095081    0.000000   -0.095081    0.435476    0.000000  -13.091280   -0.023110   -0.103994   -0.133769   -0.311732   -0.069274    0.148876    0.025838    0.378356    0.077450
    0.303052    1.071452   -1.324482    0.896522    0.414583   -1.324482    0.414583    0.896522   -0.936550    0.927036   -0.936550    0.927036    0.287936    0.203601   -0.158348  -14.951491   -1.571410   -0.085203    0.623181    0.691332   -0.559843   -0.151737   -0.301237    0.006974
    1.363736    0.000000    0.662241    0.414583    1.518397    0.662241    1.518397    0.414583   -1.873101   -0.463518   -1.873101   -0.463518   -0.143968    0.407202   -0.712564   -1.571410  -12.610010   -0.383412   -0.311591    0.623181    0.000000   -2.025407    0.000000    0.863076
   -0.000000    0.000000   -0.001504    0.000000   -0.000000   -0.001504   -0.000000    0.000000    0.000000   -0.000000    0.000000   -0.000000    0.081068    0.000000   -0.000000    0.000000   -0.000000  -35.334228   -0.000000    0.000000    0.000000   -0.000000    0.000000   -0.000000
    0.222412    0.000000    0.042522    0.101195    0.294992    0.042522    0.294992    0.101195   -0.120269   -0.113139   -0.120269   -0.113139   -0.012078    0.034163    0.099152   -0.164864    0.082432    0.104941  -35.759257    0.102767    0.000000   -0.275191    0.000000    0.191180
    0.049425    0.174744   -0.085043    0.143199    0.101195   -0.085043    0.101195    0.143199   -0.060135    0.226279   -0.060135    0.226279    0.024157    0.017081    0.022034   -0.241109   -0.164864    0.023320    0.102767  -35.533181    0.077901    0.039810    0.082449   -0.042274
    0.320004    0.113139   -0.000000   -0.060135   -0.120269   -0.000000   -0.120269   -0.060135    0.164607   -0.000000    0.164607   -0.000000   -0.000000    0.435476    0.148876   -0.081706   -0.000000    0.378356   -0.000000   -0.244920  -12.986008   -0.073080    0.133769   -0.219063
   -0.338823    0.958336   -1.480816    0.927036   -0.463518   -1.480816   -0.463518    0.927036    0.000000    0.689231    0.000000    0.689231    0.321922    0.000000    0.177038   -0.151737   -2.025407    0.095260    0.863076    0.006974   -0.500739  -13.226067   -0.269435   -0.007798
   -0.000000    0.000000   -0.000000    0.000000   -0.000000   -0.000000   -0.000000    0.000000   -0.001504   -0.000000   -0.001504   -0.000000   -0.000000    0.081068   -0.000000    0.000000   -0.000000   -0.000000   -0.000000    0.000000    0.000000   -0.000000  -35.334228   -0.000000
   -0.055259    0.156295   -0.095081    0.226279   -0.113139   -0.095081   -0.113139    0.226279    0.000000    0.092602    0.000000    0.092602    0.027008    0.000000   -0.024634    0.039810   -0.275191   -0.026073    0.191180   -0.042274    0.069677   -0.044509    0.073745  -35.660610

#      2-
   39.628482   -0.000000    0.079980    0.061304    0.140465    0.018570   -0.114859   -0.050129   -0.000000    0.030652    0.150164   -0.122790   -0.025064    0.284679   -0.000000   -0.339416    0.066311    0.151936   -0.339416    0.151936    0.066311   -0.000000    0.033155    0.162427    0.162427    0.033155
    0.000000   40.910762    0.000000    0.295320   -0.128888    0.000000    0.022316   -0.051133    0.566657   -0.590641    0.120564   -0.020875    0.102266    0.000000    0.071951    0.000000    0.143599   -0.062672    0.000000   -0.062672    0.143599    0.087388   -0.287199    0.058624    0.058624   -0.287199
    0.435476   -0.000000   12.880736   -0.031005   -0.071042   -0.401307   -0.212953   -0.092940   -0.000000   -0.015503   -0.075947   -0.227657   -0.046470   -0.339416   -0.000000    0.164607    0.038032    0.087143    0.164607    0.087143    0.038032   -0.000000    0.019016    0.093160    0.093160    0.019016
   -0.128769    0.295320   -0.212446   14.060825    0.717982   -0.114311   -0.368537   -0.294800    0.265408   -0.406135    0.290677   -0.036884    0.133910    0.406588    0.143599    0.592326    0.067356    0.271408    0.592326    0.271408    0.067356    0.140672   -0.414583    0.507758    0.507758   -0.414583
   -0.295046   -0.128888   -0.486774    0.717982   14.391870   -0.261920   -0.358475   -0.368537   -0.115834    0.681382    1.273061   -0.539076   -0.307042    0.931609   -0.062672    1.357190    0.271408    0.570778    1.357190    0.570778    0.271408   -0.061394    0.407112    0.886416    0.886416    0.407112
    0.081068   -0.000000    0.000000   -0.000000    0.000000   35.334228    0.000000   -0.000000   -0.000000    0.000000   -0.000000   -0.000000    0.000000    0.000000   -0.000000   -0.001504   -0.000000    0.000000   -0.001504    0.000000   -0.000000   -0.000000    0.000000   -0.000000   -0.000000    0.000000
   -0.024753    0.006897    0.067733    0.154121    0.070123    0.071688   35.677619   -0.126903   -0.008973    0.128048    0.165730   -0.115894   -0.085240    0.151936   -0.000000    0.087143    0.066248    0.063689    0.087143    0.063689    0.066248   -0.000000    0.099371    0.216364    0.216364    0.099371
   -0.010803   -0.015803    0.029561    0.122896    0.154121    0.031287   -0.126903   35.628716    0.020559   -0.055379   -0.043208    0.055775    0.010344    0.066311   -0.000000    0.038032   -0.059191    0.066248    0.038032    0.066248   -0.059191   -0.000000   -0.101195    0.123938    0.123938   -0.101195
    0.000000    0.566657    0.000000    0.265408   -0.115834    0.000000   -0.012148    0.027835   37.531659   -0.530817    0.108353    0.011363   -0.055669    0.000000    0.087388    0.000000    0.140672   -0.061394    0.000000   -0.061394    0.140672    0.122931   -0.281343    0.057429    0.057429   -0.281343
   -0.064384   -0.590641   -0.106223   -0.406135    0.681382   -0.057156   -0.307042    0.133910   -0.530817   14.309774   -0.082694    0.050849   -0.272499    0.203294   -0.287199    0.296163   -0.414583    0.407112    0.296163    0.407112   -0.414583   -0.281343    0.689231   -0.000000   -0.000000    0.689231
   -0.315418    0.120564   -0.520383    0.290677    1.273061   -0.280005   -0.539076   -0.036884    0.108353   -0.082694   14.922244   -0.653678    0.050849    0.995932    0.058624    1.450898    0.507758    0.886416    1.450898    0.886416    0.507758    0.057429    0.000000    0.689231    0.689231    0.000000
   -0.026462   -0.006451    0.072410   -0.043208    0.165730    0.076638   -0.115894    0.055775    0.008393   -0.044413    0.214181   35.559788    0.027378    0.162427   -0.000000    0.093160    0.123938    0.216364    0.093160    0.216364    0.123938   -0.000000   -0.000000    0.092602    0.092602   -0.000000
   -0.005402    0.031605    0.014781   -0.055379    0.128048    0.015644   -0.085240    0.010344   -0.041118    0.084053   -0.044413    0.027378   35.715544    0.033155   -0.000000    0.019016   -0.101195    0.099371    0.019016    0.099371   -0.101195   -0.000000    0.092602   -0.000000   -0.000000    0.092602
   -0.284679    0.000000    0.339416   -0.066311   -0.151936    0.339416   -0.151936   -0.066311    0.000000   -0.033155   -0.162427   -0.162427   -0.033155  -39.628482    0.000000   -0.079980   -0.061304   -0.140465   -0.018570    0.114859    0.050129    0.000000   -0.030652   -0.150164    0.122790    0.025064
   -0.000000   -0.071951   -0.000000   -0.143599    0.062672   -0.000000    0.062672   -0.143599   -0.087388    0.287199   -0.058624   -0.058624    0.287199   -0.000000  -40.910762   -0.000000   -0.295320    0.128888   -0.000000   -0.022316    0.051133   -0.566657    0.590641   -0.120564    0.020875   -0.102266
    0.339416    0.000000   -0.164607   -0.038032   -0.087143   -0.164607   -0.087143   -0.038032    0.000000   -0.019016   -0.093160   -0.093160   -0.019016   -0.435476    0.000000  -12.880736    0.031005    0.071042    0.401307    0.212953    0.092940    0.000000    0.015503    0.075947    0.227657    0.046470
   -0.406588   -0.143599   -0.592326   -0.067356   -0.271408   -0.592326   -0.271408   -0.067356   -0.140672    0.414583   -0.507758   -0.507758    0.414583    0.128769   -0.295320    0.212446  -14.060825   -0.717982    0.114311    0.368537    0.294800   -0.265408    0.406135   -0.290677    0.036884   -0.133910
   -0.931609    0.062672   -1.357190   -0.271408   -0.570778   -1.357190   -0.570778   -0.271408    0.061394   -0.407112   -0.886416   -0.886416   -0.407112    0.295046    0.128888    0.486774   -0.717982  -14.391870    0.261920    0.358475    0.368537    0.115834   -0.681382   -1.273061    0.539076    0.307042
   -0.000000    0.000000    0.001504    0.000000   -0.000000    0.001504   -0.000000    0.000000    0.000000   -0.000000    0.000000    0.000000   -0.000000   -0.081068    0.000000   -0.000000    0.000000   -0.000000  -35.334228   -0.000000    0.000000    0.000000   -0.000000    0.000000    0.000000   -0.000000
   -0.151936    0.000000   -0.087143   -0.066248   -0.063689   -0.087143   -0.063689   -0.066248    0.000000   -0.099371   -0.216364   -0.216364   -0.099371    0.024753   -0.006897   -0.067733   -0.154121   -0.070123   -0.071688  -35.677619    0.126903    0.008973   -0.128048   -0.165730    0.115894    0.085240
   -0.066311    0.000000   -0.038032    0.059191   -0.066248   -0.038032   -0.066248    0.059191    0.000000    0.101195   -0.123938   -0.123938    0.101195    0.010803    0.015803   -0.029561   -0.122896   -0.154121   -0.031287    0.126903  -35.628716   -0.020559    0.055379    0.043208   -0.055775   -0.010344
   -0.000000   -0.087388   -0.000000   -0.140672    0.061394   -0.000000    0.061394   -0.140672   -0.122931    0.281343   -0.057429   -0.057429    0.281343   -0.000000   -0.566657   -0.000000   -0.265408    0.115834   -0.000000    0.012148   -0.027835  -37.531659    0.530817   -0.108353   -0.011363    0.055669
   -0.203294    0.287199   -0.296163    0.414583   -0.407112   -0.296163   -0.407112    0.414583    0.281343   -0.689231    0.000000    0.000000   -0.689231    0.064384    0.590641    0.106223    0.406135   -0.681382    0.057156    0.307042   -0.133910    0.530817  -14.309774    0.082694   -0.050849    0.272499
   -0.995932   -0.058624   -1.450898   -0.507758   -0.886416   -1.450898   -0.886416   -0.507758   -0.057429   -0.000000   -0.689231   -0.689231   -0.000000    0.315418   -0.120564    0.520383   -0.290677   -1.273061    0.280005    0.539076    0.036884   -0.108353    0.082694  -14.922244    0.653678   -0.050849
   -0.162427    0.000000   -0.093160   -0.123938   -0.216364   -0.093160   -0.216364   -0.123938    0.000000    0.000000   -0.092602   -0.092602    0.000000    0.026462    0.006451   -0.072410    0.043208   -0.165730   -0.076638    0.115894   -0.055775   -0.008393    0.044413   -0.214181  -35.559788   -0.027378
   -0.033155    0.000000   -0.019016    0.101195   -0.099371   -0.019016   -0.099371    0.101195    0.000000   -0.092602    0.000000    0.000000   -0.092602    0.005402   -0.031605   -0.014781    0.055379   -0.128048   -0.015644    0.085240   -0.010344    0.041118   -0.084053    0.044413   -0.027378  -35.715544

#      3-
   40.169635    0.641835    0.653583   -0.200118    0.034649   -0.113164   -0.079819    0.356960   -0.000000   -0.000000    0.432791   -0.071951   -0.000000   -0.000000   -0.162179   -0.162179   -0.000000   -0.086166   -0.011010    0.290115    0.290115    0.009535
    0.641835   40.354917    0.094337    0.308102   -0.053346   -0.016334    0.553000    0.123655   -0.602820    0.104375    0.000000    0.000000   -0.071951   -0.321098    0.074907    0.074907   -0.321098    0.000000   -0.057209    0.041874    0.041874   -0.066059
    0.653583    0.094337   13.606769    0.689301   -0.262502   -0.080374    0.579168    0.129506   -1.019792    0.309878    0.000000    0.000000   -0.321098   -0.896522    0.290148    0.290148   -0.896522    0.000000   -0.205922    0.162197    0.162197   -0.237778
   -0.200118    0.308102    0.689301   13.509135   -0.162600   -0.262502   -0.177333    0.158612    0.493633   -0.230707    0.228936   -0.162179    0.074907    0.290148   -0.037743   -0.037743    0.290148   -0.156650    0.028022    0.529735    0.529735    0.072804
    0.010708   -0.016487    0.109016    0.108127   35.591879   -0.046585   -0.013737    0.012286    0.110337   -0.072118    0.017734    0.000000   -0.000000    0.070822    0.066419    0.066419    0.070822    0.000000   -0.000000    0.129302    0.129302    0.000000
   -0.034973   -0.005048    0.033379    0.109016   -0.046585   35.693610    0.044863    0.010032   -0.102006   -0.002280    0.000000    0.000000   -0.000000   -0.143199    0.070822    0.070822   -0.143199    0.000000   -0.000000    0.039591    0.039591    0.000000
   -0.079819    0.553000    0.579168   -0.177333   -0.018598    0.060740   36.626649    0.474365   -0.000000   -0.000000    0.620614   -0.086166   -0.000000   -0.000000   -0.156650   -0.156650   -0.000000   -0.118607   -0.019337    0.280225    0.280225    0.016747
    0.356960    0.123655    0.129506    0.158612    0.016634    0.013582    0.474365   37.008115   -0.354667   -0.037196   -0.007865   -0.011010   -0.057209   -0.205922    0.028022    0.028022   -0.205922   -0.019337   -0.036451    0.062660    0.062660   -0.074893
    0.000000   -0.602820   -1.019792    0.493633   -0.230707    0.309878    0.000000   -0.354667   13.671664   -0.128969   -0.409534    0.290115    0.041874    0.162197    0.529735    0.529735    0.162197    0.280225    0.062660   -0.689231   -0.689231    0.000000
    0.000000    0.032257   -0.102006    0.110337   -0.072118   -0.002280    0.000000   -0.027473    0.061680   35.667558   -0.031723    0.000000   -0.000000    0.039591    0.129302    0.129302    0.039591    0.000000   -0.000000   -0.092602   -0.092602    0.000000
    0.432791   -0.000000   -0.000000    0.228936    0.024010   -0.000000    0.620614   -0.007865   -0.409534   -0.042950   36.739531    0.009535   -0.066059   -0.237778    0.072804    0.072804   -0.237778    0.016747   -0.074893   -0.000000   -0.000000   -0.058071
    0.071951    0.000000    0.000000    0.162179    0.162179    0.000000    0.086166    0.011010   -0.290115   -0.290115   -0.009535  -40.169635   -0.641835   -0.653583    0.200118   -0.034649    0.113164    0.079819   -0.356960    0.000000    0.000000   -0.432791
   -0.000000    0.071951    0.321098   -0.074907   -0.074907    0.321098   -0.000000    0.057209   -0.041874   -0.041874    0.066059   -0.641835  -40.354917   -0.094337   -0.308102    0.053346    0.016334   -0.553000   -0.123655    0.602820   -0.104375   -0.000000
   -0.000000    0.321098    0.896522   -0.290148   -0.290148    0.896522   -0.000000    0.205922   -0.162197   -0.162197    0.237778   -0.653583   -0.094337  -13.606769   -0.689301    0.262502    0.080374   -0.579168   -0.129506    1.019792   -0.309878   -0.000000
    0.162179   -0.074907   -0.290148    0.037743    0.037743   -0.290148    0.156650   -0.028022   -0.529735   -0.529735   -0.072804    0.200118   -0.308102   -0.689301  -13.509135    0.162600    0.262502    0.177333   -0.158612   -0.493633    0.230707   -0.228936
   -0.000000    0.000000   -0.070822   -0.066419   -0.066419   -0.070822   -0.000000    0.000000   -0.129302   -0.129302   -0.000000   -0.010708    0.016487   -0.109016   -0.108127  -35.591879    0.046585    0.013737   -0.012286   -0.110337    0.072118   -0.017734
   -0.000000    0.000000    0.143199   -0.070822   -0.070822    0.143199   -0.000000    0.000000   -0.039591   -0.039591   -0.000000    0.034973    0.005048   -0.033379   -0.109016    0.046585  -35.693610   -0.044863   -0.010032    0.102006    0.002280   -0.000000
    0.086166    0.000000    0.000000    0.156650    0.156650    0.000000    0.118607    0.019337   -0.280225   -0.280225   -0.016747    0.079819   -0.553000   -0.579168    0.177333    0.018598   -0.060740  -36.626649   -0.474365    0.000000    0.000000   -0.620614
    0.011010    0.057209    0.205922   -0.028022   -0.028022    0.205922    0.019337    0.036451   -0.062660   -0.062660    0.074893   -0.356960   -0.123655   -0.129506   -0.158612   -0.016634   -0.013582   -0.474365  -37.008115    0.354667    0.037196    0.007865
   -0.290115   -0.041874   -0.162197   -0.529735   -0.529735   -0.162197   -0.280225   -0.062660    0.689231    0.689231   -0.000000   -0.000000    0.602820    1.019792   -0.493633    0.230707   -0.309878   -0.000000    0.354667  -13.671664    0.128969    0.409534
   -0.000000    0.000000   -0.039591   -0.129302   -0.129302   -0.039591   -0.000000    0.000000    0.092602    0.092602   -0.000000   -0.000000   -0.032257    0.102006   -0.110337    0.072118    0.002280   -0.000000    0.027473   -0.061680  -35.667558    0.031723
   -0.009535    0.066059    0.237778   -0.072804   -0.072804    0.237778   -0.016747    0.074893    0.000000    0.000000    0.058071   -0.432791    0.000000    0.000000   -0.228936   -0.024010    0.000000   -0.620614    0.007865    0.409534    0.042950  -36.739531

#      4-
   40.910762    0.683534   -0.118350    0.356630    0.081283    0.430111    0.048088    0.071951    0.332368    0.332368    0.054998    0.012535    0.066330    0.007416
    0.683534   14.678411   -0.416836    0.386615    0.088118    0.466275    0.052131    0.332368    0.985361    0.985361    0.204913    0.046704    0.247135    0.027631
   -0.036576    0.148750   35.686182    0.029948    0.006826    0.036118    0.004038    0.000000    0.164884    0.164884    0.000000   -0.000000   -0.000000    0.000000
    0.356630    0.386615    0.040546   37.016785    0.149826    0.380113    0.165329    0.054998    0.204913    0.204913    0.030555    0.006899    0.073009    0.020407
    0.081283    0.088118    0.009241    0.149826   36.921982    0.016090   -0.224508    0.012535    0.046704    0.046704    0.006899    0.001860    0.022880   -0.051162
    0.430111    0.466275    0.048901    0.380113    0.016090   37.218757   -0.047505    0.066330    0.247135    0.247135    0.073009    0.022880    0.058071    0.000000
    0.048088    0.052131    0.005467    0.165329   -0.224508   -0.047505   37.109938    0.007416    0.027631    0.027631    0.020407   -0.051162    0.000000    0.058071
   -0.071951   -0.332368   -0.332368   -0.054998   -0.012535   -0.066330   -0.007416  -40.910762   -0.683534    0.118350   -0.356630   -0.081283   -0.430111   -0.048088
   -0.332368   -0.985361   -0.985361   -0.204913   -0.046704   -0.247135   -0.027631   -0.683534  -14.678411    0.416836   -0.386615   -0.088118   -0.466275   -0.052131
   -0.000000   -0.164884   -0.164884   -0.000000    0.000000    0.000000   -0.000000    0.036576   -0.148750  -35.686182   -0.029948   -0.006826   -0.036118   -0.004038
   -0.054998   -0.204913   -0.204913   -0.030555   -0.006899   -0.073009   -0.020407   -0.356630   -0.386615   -0.040546  -37.016785   -0.149826   -0.380113   -0.165329
   -0.012535   -0.046704   -0.046704   -0.006899   -0.001860   -0.022880    0.051162   -0.081283   -0.088118   -0.009241   -0.149826  -36.921982   -0.016090    0.224508
   -0.066330   -0.247135   -0.247135   -0.073009   -0.022880   -0.058071   -0.000000   -0.430111   -0.466275   -0.048901   -0.380113   -0.016090  -37.218757    0.047505
   -0.007416   -0.027631   -0.027631   -0.020407    0.051162   -0.000000   -0.058071   -0.048088   -0.052131   -0.005467   -0.165329    0.224508    0.047505  -37.109938

#      5-
   36.774339    0.292486    0.135232   -0.003039    0.015566    0.053921
    0.292486   36.784424   -0.441707    0.015566   -0.088339    0.009532
    0.135232   -0.441707   36.815532    0.053921    0.009532   -0.058071
    0.003039   -0.015566   -0.053921  -36.774339   -0.292486   -0.135232
   -0.015566    0.088339   -0.009532   -0.292486  -36.784424    0.441707
   -0.053921   -0.009532    0.058071   -0.135232    0.441707  -36.815532

#      6-
   37.270363    0.091091
   -0.091091  -37.270363

